L456_front_1.PRT contains 3 runs
Run 3, Tue Oct 28 17:34:42 2014
L456_back_1.PRT contains 3 runs
Run 5, Tue Oct 28 17:52:36 2014
L456_front_2.PRT contains 2 runs
Run 4, Tue Oct 28 18:34:07 2014
L456_back_2.PRT contains 1 runs
Run 1, Tue Oct 28 18:42:38 2014
L456_front_3.PRT contains 3 runs
Run 3, Wed Oct 29 14:13:17 2014
L456_back_3.PRT contains 2 runs
Run 3, Wed Oct 29 14:28:45 2014
L456_U_lower_noballs.PRT contains 3 runs
Run 4, Fri Oct 24 18:00:14 2014
L456_U_lower_balls.PRT contains 4 runs
Run 4, Fri Oct 24 18:34:54 2014
L456_U_lower_modules.PRT contains 6 runs
Run 6, Fri Nov 07 18:29:22 2014
residuals between survey of mounted modules, and where we expect sensors to be from individual surveys of modules and U-channel:
[[ 0.0098  0.0251  0.0225]
 [ 0.0625  0.0718  0.0758]]
[[ 0.0004  0.0442  0.0856]
 [ 0.0721  0.0849  0.0849]]
[[-0.0374 -0.0398 -0.0187]
 [ 0.0587  0.0681  0.0749]]
[[-0.0954 -0.0683 -0.0407]
 [ 0.0822  0.0896  0.0993]]
[[-0.0841 -0.0531 -0.0463]
 [ 0.0584  0.0617  0.069 ]]
[[-0.0879 -0.0648 -0.0533]
 [ 0.0691  0.0777  0.0807]]
[[-0.1425 -0.156  -0.1529]
 [ 0.0688  0.0766  0.0797]]
[[-0.1973 -0.1762 -0.1505]
 [ 0.0897  0.0856  0.0985]]
[[-0.014   0.0506  0.1162]
 [ 0.0866  0.0946  0.1042]]
[[ 0.0393  0.1625  0.2601]
 [ 0.105   0.1179  0.1256]]
[[-0.0757 -0.0373  0.0512]
 [ 0.0733  0.0777  0.0883]]
[[-0.0023  0.0471  0.0725]
 [ 0.09    0.0969  0.1083]]
L4 pin basis in U-channel fiducial frame:
[array([-149.1868,  -53.3685,    9.5839]), array([[  1.0000e+00,   1.1536e-04,  -1.7794e-04],
       [ -1.1535e-04,   1.0000e+00,   9.3250e-05],
       [  1.7795e-04,  -9.3229e-05,   1.0000e+00]])]
L5 pin basis in U-channel fiducial frame:
[array([-149.1631,  -56.3514,  209.5891]), array([[  1.0000e+00,   6.1076e-05,  -8.7472e-05],
       [ -6.1071e-05,   1.0000e+00,   5.2874e-05],
       [  8.7475e-05,  -5.2869e-05,   1.0000e+00]])]
L6 pin basis in U-channel fiducial frame:
[array([-149.1448,  -59.3196,  409.5671]), array([[  1.0000e+00,  -5.9546e-05,  -6.3354e-05],
       [  5.9519e-05,   1.0000e+00,  -4.2261e-04],
       [  6.3379e-05,   4.2261e-04,   1.0000e+00]])]
L4SE sensor basis in pin frame:
[array([ 98.8403,  32.5506, -13.4188]), array([[ 0.9988,  0.049 ,  0.0011],
       [ 0.049 , -0.9988,  0.0024],
       [ 0.0012, -0.0024, -1.    ]])]
L4SP sensor basis in pin frame:
[array([ 199.7647,   37.5793,  -13.416 ]), array([[ -9.9872e-01,  -5.0612e-02,   2.0998e-04],
       [ -5.0612e-02,   9.9872e-01,  -1.3244e-03],
       [ -1.4268e-04,  -1.3333e-03,  -1.0000e+00]])]
L4AE sensor basis in pin frame:
[array([ 98.8498,  35.0796,  -5.5914]), array([[  1.0000e+00,   1.6064e-04,   1.7363e-04],
       [ -1.6025e-04,   1.0000e+00,  -2.2311e-03],
       [ -1.7399e-04,   2.2310e-03,   1.0000e+00]])]
L4AP sensor basis in pin frame:
[array([ 199.702 ,   35.0743,   -5.5911]), array([[ -1.0000e+00,  -1.5578e-04,   1.9209e-04],
       [  1.5591e-04,  -1.0000e+00,   6.6840e-04],
       [  1.9199e-04,   6.6843e-04,   1.0000e+00]])]
L5SE sensor basis in pin frame:
[array([ 98.8719,  32.5577, -13.446 ]), array([[  9.9875e-01,   5.0030e-02,  -3.1473e-04],
       [  5.0030e-02,  -9.9875e-01,  -4.8047e-04],
       [ -3.3837e-04,   4.6412e-04,  -1.0000e+00]])]
L5SP sensor basis in pin frame:
[array([ 199.7055,   37.5879,  -13.4429]), array([[ -9.9874e-01,  -5.0097e-02,  -6.1898e-04],
       [ -5.0098e-02,   9.9874e-01,   1.5008e-03],
       [  5.4301e-04,   1.5299e-03,  -1.0000e+00]])]
L5AE sensor basis in pin frame:
[array([ 98.8068,  35.0685,  -5.5251]), array([[  1.0000e+00,   1.8826e-04,   3.5947e-04],
       [ -1.8795e-04,   1.0000e+00,  -8.7064e-04],
       [ -3.5963e-04,   8.7057e-04,   1.0000e+00]])]
L5AP sensor basis in pin frame:
[array([ 199.7322,   35.0648,   -5.5156]), array([[ -1.0000e+00,  -2.2109e-04,   7.2234e-04],
       [  2.2099e-04,  -1.0000e+00,  -1.3682e-04],
       [  7.2237e-04,  -1.3666e-04,   1.0000e+00]])]
L6SE sensor basis in pin frame:
[array([ 98.9654,  32.5819, -13.4347]), array([[  9.9875e-01,   4.9916e-02,   8.5669e-04],
       [  4.9915e-02,  -9.9875e-01,   1.5213e-03],
       [  9.3156e-04,  -1.4766e-03,  -1.0000e+00]])]
L6SP sensor basis in pin frame:
[array([ 199.7584,   37.6006,  -13.3901]), array([[ -9.9875e-01,  -4.9978e-02,  -2.0993e-04],
       [ -4.9979e-02,   9.9875e-01,   1.0668e-03],
       [  1.5634e-04,   1.0760e-03,  -1.0000e+00]])]
L6AE sensor basis in pin frame:
[array([ 98.8217,  35.0688,  -5.5711]), array([[  1.0000e+00,   2.4272e-04,   1.8796e-03],
       [ -2.4091e-04,   1.0000e+00,  -9.5942e-04],
       [ -1.8799e-03,   9.5897e-04,   1.0000e+00]])]
L6AP sensor basis in pin frame:
[array([ 199.7551,   35.0727,   -5.4277]), array([[ -1.0000e+00,  -2.0847e-04,   7.4446e-04],
       [  2.0836e-04,  -1.0000e+00,  -1.5378e-04],
       [  7.4449e-04,  -1.5363e-04,   1.0000e+00]])]
