L456_front_4.PRT contains 1 runs
Run 1, Wed Oct 29 15:07:18 2014
L456_back_4.PRT contains 2 runs
Run 3, Wed Oct 29 15:21:41 2014
L456_front_5.PRT contains 1 runs
Run 2, Wed Oct 29 16:01:55 2014
L456_back_5.PRT contains 2 runs
Run 4, Wed Oct 29 16:17:33 2014
L456_front_6.PRT contains 2 runs
Run 3, Wed Oct 29 16:59:02 2014
L456_back_6.PRT contains 2 runs
Run 3, Wed Oct 29 17:12:28 2014
L456_U_upper_noballs.PRT contains 4 runs
Run 4, Thu Oct 30 15:00:21 2014
L456_U_upper_balls.PRT contains 3 runs
Run 3, Thu Oct 30 15:22:45 2014
L456_U_upper_modules.PRT contains 5 runs
Run 3, Fri Nov 07 17:20:38 2014
residuals between survey of mounted modules, and where we expect sensors to be from individual surveys of modules and U-channel:
[[-0.0215 -0.0146  0.0026]
 [ 0.0741  0.0713  0.0705]]
[[-0.0686 -0.0231  0.0424]
 [ 0.0804  0.0776  0.0729]]
[[ 0.0865  0.1403  0.1803]
 [ 0.0774  0.0725  0.0635]]
[[ 0.1069  0.1194  0.1344]
 [ 0.0917  0.0867  0.0812]]
[[-0.0879 -0.0314  0.0469]
 [ 0.0785  0.0714  0.0669]]
[[-0.0092 -0.0385 -0.0257]
 [ 0.096   0.0874  0.0765]]
[[ 0.1123  0.1399  0.1738]
 [ 0.0916  0.079   0.0696]]
[[ 0.0474  0.1058  0.1409]
 [ 0.1058  0.0975  0.0933]]
[[-0.157  -0.129  -0.0855]
 [ 0.0628  0.0669  0.0693]]
[[-0.0336 -0.0827 -0.1214]
 [ 0.0766  0.0759  0.0667]]
[[ 0.0309  0.0237  0.0358]
 [ 0.0692  0.0677  0.0637]]
[[ 0.0228  0.0228  0.0115]
 [ 0.0705  0.0695  0.0677]]
L4 pin basis in U-channel fiducial frame:
[array([-149.2748,   53.2984,   -9.568 ]), array([[  1.0000e+00,   1.3154e-04,  -1.6050e-04],
       [  1.3166e-04,  -1.0000e+00,   7.2035e-04],
       [ -1.6041e-04,  -7.2037e-04,  -1.0000e+00]])]
L5 pin basis in U-channel fiducial frame:
[array([-149.2454,   56.3526,  190.4708]), array([[  1.0000e+00,   2.0492e-04,  -2.5400e-04],
       [  2.0495e-04,  -1.0000e+00,   1.1388e-04],
       [ -2.5398e-04,  -1.1393e-04,  -1.0000e+00]])]
L6 pin basis in U-channel fiducial frame:
[array([-149.2312,   59.3244,  390.4449]), array([[  1.0000e+00,   5.6134e-05,  -1.6585e-04],
       [  5.6060e-05,  -1.0000e+00,  -4.4613e-04],
       [ -1.6587e-04,   4.4612e-04,  -1.0000e+00]])]
L4SE sensor basis in pin frame:
[array([ 98.9408,  32.5693, -13.4153]), array([[  9.9876e-01,   4.9698e-02,   7.4726e-04],
       [  4.9698e-02,  -9.9876e-01,  -2.8540e-04],
       [  7.3215e-04,   3.2219e-04,  -1.0000e+00]])]
L4SP sensor basis in pin frame:
[array([ 199.738 ,   37.5894,  -13.3495]), array([[ -9.9874e-01,  -5.0146e-02,  -8.1304e-05],
       [ -5.0146e-02,   9.9874e-01,   2.0390e-03],
       [ -2.1046e-05,   2.0405e-03,  -1.0000e+00]])]
L4AE sensor basis in pin frame:
[array([ 98.8726,  35.0629,  -5.6233]), array([[  1.0000e+00,  -1.9858e-04,   7.0769e-04],
       [  1.9834e-04,   1.0000e+00,   3.3003e-04],
       [ -7.0775e-04,  -3.2989e-04,   1.0000e+00]])]
L4AP sensor basis in pin frame:
[array([ 199.7988,   35.073 ,   -5.5463]), array([[ -1.0000e+00,   7.4687e-05,  -1.6979e-04],
       [ -7.4415e-05,  -1.0000e+00,  -1.5993e-03],
       [ -1.6991e-04,  -1.5993e-03,   1.0000e+00]])]
L5SE sensor basis in pin frame:
[array([ 98.9704,  32.5777, -13.4754]), array([[  9.9877e-01,   4.9627e-02,   3.8919e-04],
       [  4.9627e-02,  -9.9877e-01,   1.6862e-04],
       [  3.9708e-04,  -1.4910e-04,  -1.0000e+00]])]
L5SP sensor basis in pin frame:
[array([ 199.7857,   37.6067,  -13.3934]), array([[ -9.9877e-01,  -4.9603e-02,  -1.3625e-04],
       [ -4.9603e-02,   9.9877e-01,   1.2110e-03],
       [  7.6015e-05,   1.2163e-03,  -1.0000e+00]])]
L5AE sensor basis in pin frame:
[array([ 98.8471,  35.0645,  -5.5394]), array([[  1.0000e+00,  -2.4000e-04,   1.9643e-03],
       [  2.4031e-04,   1.0000e+00,  -1.5337e-04],
       [ -1.9643e-03,   1.5385e-04,   1.0000e+00]])]
L5AP sensor basis in pin frame:
[array([ 199.7314,   35.0702,   -5.4992]), array([[ -1.0000e+00,   1.3550e-04,   1.0488e-03],
       [ -1.3623e-04,  -1.0000e+00,  -7.0117e-04],
       [  1.0487e-03,  -7.0132e-04,   1.0000e+00]])]
L6SE sensor basis in pin frame:
[array([ 99.0882,  32.5697, -13.4259]), array([[  9.9878e-01,   4.9449e-02,   7.3764e-04],
       [  4.9448e-02,  -9.9878e-01,   7.3432e-04],
       [  7.7305e-04,  -6.9695e-04,  -1.0000e+00]])]
L6SP sensor basis in pin frame:
[array([ 199.7587,   37.5701,  -13.4522]), array([[ -9.9878e-01,  -4.9408e-02,   1.9956e-03],
       [ -4.9409e-02,   9.9878e-01,  -4.2657e-04],
       [ -1.9721e-03,  -5.2465e-04,  -1.0000e+00]])]
L6AE sensor basis in pin frame:
[array([ 98.9648,  35.0512,  -5.6449]), array([[  1.0000e+00,  -1.3681e-05,  -1.5020e-04],
       [  1.3528e-05,   1.0000e+00,  -1.0134e-03],
       [  1.5021e-04,   1.0134e-03,   1.0000e+00]])]
L6AP sensor basis in pin frame:
[array([ 199.7433,   35.077 ,   -5.7027]), array([[ -1.0000e+00,  -8.7212e-05,   9.7365e-04],
       [  8.8703e-05,  -1.0000e+00,   1.5307e-03],
       [  9.7352e-04,   1.5308e-03,   1.0000e+00]])]
