upstream center (box origin): [-0.0006  0.      0.0006]
downstream center (box +Z):[  6.2500e-04   0.0000e+00   1.2637e+03]
upstream vector (box +X):[  1.2706e+02   0.0000e+00  -1.6500e-02]
downstream vector (box twist):[  1.2701e+02   1.7800e-02   1.1450e-02]
B46 ball basis in box fiducial frame:
[array([  -5.9779,   -8.4112,  789.6352]), array([[  9.9955e-01,  -7.7349e-05,  -3.0082e-02],
       [  7.6453e-05,   1.0000e+00,  -3.0945e-05],
       [  3.0082e-02,   2.8631e-05,   9.9955e-01]]), array([-178.1658,   -8.3998,  794.8498]), array([ -166.0627,    -8.3845,  1194.7296]), array([ 166.21  ,   -8.4226,  784.4206]), array([  178.3334,    -8.415 ,  1184.4299])]
T46 ball basis in box fiducial frame:
[array([  -6.3106,    8.462 ,  773.7906]), array([[  9.9954e-01,   7.3687e-05,  -3.0209e-02],
       [ -7.2695e-05,   1.0000e+00,   3.3946e-05],
       [  3.0209e-02,  -3.1734e-05,   9.9954e-01]]), array([-178.5493,    8.4531,  778.9951]), array([ -166.5503,     8.4328,  1178.9283]), array([ 165.928 ,    8.4709,  768.5862]), array([  178.0261,     8.4658,  1168.5118])]
B13 ball basis in pivot frame:
[array([   0.    ,   59.9476, -304.9173]), array([[ 1.,  0.,  0.],
       [ 0.,  1.,  0.],
       [ 0.,  0.,  1.]])]
B13 pivot basis in box frame:
[array([ -37.3429,  -68.3632,  695.2994]), array([[  9.9954e-01,   1.3427e-04,  -3.0350e-02],
       [ -1.3440e-04,   1.0000e+00,  -2.1271e-06],
       [  3.0350e-02,   6.2051e-06,   9.9954e-01]])]
T13 ball basis in pivot frame:
[array([   0.    ,  -50.9272, -319.7481]), array([[ 1.,  0.,  0.],
       [ 0.,  1.,  0.],
       [ 0.,  0.,  1.]])]
T13 pivot basis in box frame:
[array([ -36.9837,   59.4777,  694.2924]), array([[  9.9952e-01,   4.2882e-05,  -3.1132e-02],
       [ -5.2348e-05,   1.0000e+00,  -3.0325e-04],
       [  3.1132e-02,   3.0473e-04,   9.9952e-01]])]
